x1 <-
structure(list(col1 = c(1, 2, 3), col2 = c(TRUE, FALSE, TRUE)), class = "data.frame", row.names = c(NA, 
-3L))
x2 <-
c(52.8696227164792, 44.9636158890052, 54.0705885148772, 44.4185183175964, 
50.0871090805723, 44.5688641744718, 49.3064281773046, 46.6166390143569, 
48.0310372869242, 43.4902332356794, 49.9364062589131, 49.6629648170364, 
47.1723691591785, 52.9099331755208, 51.3250969865723, 52.9870129784021, 
50.620917750974, 42.240518632745, 58.3338698034176, 48.8972964346807, 
46.3122560130476, 45.2684515030077, 59.1536082156853, 53.5373220545799, 
57.9644583587938, 42.585861871925, 41.3842004966723, 52.9042018165661, 
47.1627133577045, 51.3384722426983, 50.5556489208604, 57.3736333442213, 
50.5893722863478, 54.4572978055077, 47.9777337461376, 54.0550526490858, 
44.0059165850718, 42.518540007975, 51.6750920164294, 48.0568138058181, 
44.4928588994045, 40.47950027763, 54.4749985644868, 50.9425587803617, 
52.7175660411206, 62.845286807286, 52.4608866062064, 48.9417767233246, 
51.5605964654448, 47.530501619809, 45.7422768540437, 43.6399208490636, 
41.8343824378907, 50.1478282051286, 52.3103846661337, 57.2436696594736, 
49.9627327132905, 44.2919562939897, 51.4378360575611, 51.0681501205436, 
43.1441645531722, 45.3482858004185, 49.2590281649793, 46.2470690524094, 
44.8528749915728, 45.6835577446004, 48.2332866328894, 51.370353690606, 
45.275688281364, 47.9084888179964, 51.775711786466, 39.0890917198279, 
43.2776800800838, 48.9425528418182, 53.159429153977, 53.6426194182285, 
54.3685355489122, 57.9544393516366, 52.0835004327205, 43.9621820436567, 
51.2193858683342, 52.3720633236077, 49.1250428689255, 48.5880263371251, 
60.7238506428278, 44.7136893966147, 50.2197037201391, 50.3961577563575, 
59.4508922957615, 51.2655769416775, 37.5250628786951, 47.8669993272432, 
47.816957804177, 44.1205946251555, 46.1232660314503, 49.1523986270061, 
45.610371139148, 39.2567430063182, 44.3971471069882, 52.915730794582
)
