structure(1:26, .Dim = c(13L, 2L))
