z <-
structure(list(v1 = c(40.5728114384154, 49.2998369089647, 50.6485632851546, 
53.6222670115956, 36.9117355255867, 48.3562432575506, 50.4757645591721, 
53.8983063447478, 51.7089668825833, 50.6406985720008, 63.8894243935268, 
49.7477663354339, 51.7027258387846, 52.7952674793711, 49.3636250740126, 
50.4581634698041, 50.8204694327031, 47.1241796528978, 50.8036512134301, 
58.0767188920014, 56.0231497736289, 54.2569503557816, 55.0406585725553, 
53.7262812451762, 50.9851137663556, 43.1502554713302, 51.757334953444, 
44.8754424412916, 47.203978984031, 50.7474911223272, 55.3002903615717, 
46.9128441938264, 46.1514039689421, 46.3420751010304, 54.5314386027011, 
45.6512327458569, 51.4802094406305, 43.5030541771532, 44.6981627515248, 
48.2976485647937, 49.5889360343216, 47.2290523572775, 46.1169948417197, 
59.9148293973026, 52.5312218279604, 46.1437902741461, 53.9905405562145, 
49.5146487942303, 50.2332026627241, 57.2567956340325, 58.7620577383799, 
55.4182809794718, 65.5050503103592, 48.8830969805972, 37.6460990150427, 
45.3636436285211, 58.2505902977124, 53.0753152776645, 49.5584637920483, 
52.9261932279392, 47.3395516612971, 55.206499643566, 51.0775773469995, 
54.1662281081968, 37.086215040761, 52.4519442972394, 48.0731378795747, 
37.6380114140553, 43.1816271016469, 49.8971995620268, 54.2023434691699, 
52.3452525230463, 53.74384400976, 51.4124180511762, 54.5781168765837, 
45.8989747507852, 49.8088971199377, 50.6231927318288, 49.9483139366119, 
48.8043291579796, 50.1996724111696, 48.3385341671511, 44.3118651700139, 
44.160440981109, 50.5143139583232, 40.7449971814166, 44.225557319, 
56.1571113872946, 59.0125911438318, 45.9570770472723, 48.1049626953144, 
42.0479208420982, 58.8217623256951, 40.7249446446896, 43.5585644563981, 
53.7529768217993, 42.1109533683302, 55.2466407248697, 58.6699543429955, 
42.3681991708005), v2 = c(20.5975073738648, 25.9855890656224, 
27.8701910993363, 31.8590478173049, 25.5552070917629, 33.2028726130062, 
49.4502711980027, 31.3485918889299, 19.2075246340973, 20.4437276701912, 
48.566481425275, 22.4231061570396, 18.3062902109618, 25.4770355443501, 
14.2992358514275, 37.5615302941242, 24.914250655628, 9.32010618987967, 
18.7374364636849, 27.4173393386317, 38.958179232099, 36.0366651061205, 
33.434632885676, 26.6358044240722, 40.347680310649, 17.4299834313435, 
17.3328592559216, 30.9529954017161, 28.4003290962893, 17.6686589038629, 
29.7573759088992, 32.4914415220674, 22.2590717665997, 23.5498191574275, 
35.8151187464498, 39.4943071789752, 34.5254384344239, 24.3543470079639, 
28.5201306367097, 53.5059420477495, 38.6931642427118, 31.9047244298752, 
28.4231302766688, 31.3320784524689, 23.8928532056553, 14.3760970976924, 
34.4621615777919, 24.2197896127149, 30.4195936499602, 31.1827315961485, 
28.5940372108539, 26.0684961332656, 29.1964764174644, 33.6535013342732, 
19.3056143487021, 34.2717787604589, 48.923612206143, 37.7375719523747, 
14.651170579761, 40.0152024453896, 14.7999680366255, 29.6096384754378, 
20.8913873418059, 34.771865271537, 13.3509908736965, 41.5652884617366, 
29.7243601910691, 44.7849633844193, 33.7873905780493, 35.8828129014576, 
24.1577143058898, 18.2989966378691, 17.7681778386447, 9.2077468069442, 
23.1665782096377, 39.4149154770982, 38.8540185152227, 7.8001367622123, 
37.734341645777, 24.8141262129299, 31.1775251486756, 32.8863455458949, 
40.8449888904959, 22.354419658623, 28.9543088233558, 27.5341450960071, 
28.7802570226536, 43.8062246926644, 25.8058093876517, 24.8824845752, 
31.6306982485222, 31.5396611870895, 31.9188954368764, 31.8008717915331, 
24.3758659592409, 38.1013927910522, 22.0789572184982, 24.3133398905592, 
31.2310071885217, 24.2698018151164)), class = "data.frame", row.names = c(NA, 
-100L))
